col0,col1
Flehite,
Covent Garden,
Raffles City Hangzhou,formwork
Karolinum,
The Pyramids,
Alter Schlachthof,
