col0,col1,col2,col3,col4
Swistbachaue,Swist,Swist,Rhineland-Palatinate,Grafschaft
Mittleres Ourtal zwischen Dreiländereck und Rellesmühle,Our,Our,Rhineland-Palatinate,Sevenig
Lauterniederung,Lauter,Lauter,Rhineland-Palatinate,Scheibenhardt
Alfbachtal mit Tunenbach u. Hollbach zwischen Grosslangenfeld und Pronsfeld,Alfbach,Alfbach,Rhineland-Palatinate,Brandscheid
