col0,col1,col2,col3
Chic-Choc Mountains,mountain range,Mont Jacques-Cartier,Notre Dame Mountains
Watlack Hills,mountain range,Mount Twiss,Heritage Range
Beaufortain Mountains,mountain range,Roignais,Graian Alps
Aravis Range,mountain range,Pointe Percée,French Prealps
Selter,mountain range,Hohe Egge,Leine Uplands
