col0,col1,col2,col3
Shimotsui Dentetsu Line,Shimotsui Dentetsu,Japan,762 mm track gauge
Olbernhau-Grünthal–Deutschneudorf railway,Deutsche Reichsbahn,Germany,1435 mm track gauge
Kaufbeuren–Schongau railway,Deutsche Bundesbahn,Germany,1435 mm track gauge
Vennbahn,SNCB/NMBS,Belgium,1435 mm track gauge
