col0,col1
At Turbah,723
At Turbah,1651
Az Zuraybah,1231
