col0,col1,col2,col3
Rokiškis District Municipality,Panevėžys County,district municipality of Lithuania,Lithuania
Biržai District Municipality,Panevėžys County,district municipality of Lithuania,Lithuania
Šilalė District Municipality,Tauragė County,district municipality of Lithuania,Lithuania
Zarasai District Municipality,Utena County,district municipality of Lithuania,Lithuania
Joniškis District Municipality,Šiauliai County,district municipality of Lithuania,Lithuania
Telšiai District Municipality,Lithuania,district municipality of Lithuania,Lithuania
Plungė District Municipality,Telšiai County,district municipality of Lithuania,Lithuania
