col0,col1,col2,col3,col4
Baptism of Jesus,Jesus Christ,biblical episode,The Baptism of Christ,John 1
Last Supper,Jesus Christ,life of Jesus in the New Testament,Last Supper in Christian art,New Testament
Baptism of Jesus,Jesus Christ,artistic theme,The Baptism of Christ,John 1
Last Supper,Jesus Christ,artistic theme,Last Supper in Christian art,New Testament
