col0,col1,col2,col3
Short track speed skating at the 2011 Asian Winter Games,short track speed skating,Template:Short track speed skating at the 2011 Asian Winter Games,Short track speed skating at the 2017 Asian Winter Games
Alpine skiing at the 2011 Asian Winter Games,alpine skiing,Template:Alpine skiing at the 2011 Asian Winter Games,Alpine skiing at the 2017 Asian Winter Games
Gymnastics at the 2010 Summer Youth Olympics,gymnastics,Template:GymnasticsAt2010SummerYouthOlympics,Gymnastics at the 2014 Summer Youth Olympics
Cycling at the 2010 Summer Youth Olympics,road bicycle racing,Template:CyclingAt2010SummerYouthOlympics,Cycling at the 2014 Summer Youth Olympics
Archery at the 2010 Summer Youth Olympics,archery,Template:ArcheryAt2010SummerYouthOlympics,Archery at the 2014 Summer Youth Olympics
