col0,col1,col2,col3
John Singleton Copley,"John Singleton Copley, Volume 1",John Singleton Copley,Jules Prown
Artemisia Gentileschi and the Authority of Art,Artemisia Gentileschi and the authority of art : critical reading and catalgoue raisonné,Artemisia Gentileschi,R. Ward Bissell
A Corpus of Rembrandt Paintings VI,A Corpus of Rembrandt Paintings,Rembrandt,Ernst van de Wetering
"Rembrandt catalog raisonné, 1968",Rembrandt Paintings,Rembrandt,Horst Gerson
