col0,col1,col2,col3
"2017 Vuelta a Venezuela, Stage 4",road bicycle racing,2017 Vuelta a Venezuela,Ospino
"2018 La Tropicale Amissa Bongo, Stage 2",road bicycle racing,2018 Tropicale Amissa Bongo,Ndendé
"Eneco Tour 2011, Stage 1",road bicycle racing,2011 Eneco Tour,Oosterhout
"2014 Eneco Tour, Stage 1",road bicycle racing,2014 Eneco Tour,Terneuzen
"2012 Eneco Tour, Stage 5",road bicycle racing,2012 Eneco Tour,Hoogerheide
"2018 Volta a la Comunitat Valenciana, Stage 1",road bicycle racing,2018 Volta Ciclista a la Comunitat Valenciana,Oropesa del Mar
"2018 Paris-Nice, stage 2",road bicycle racing,2018 Paris-Nice,Orsonville
"2017 Clásico RCN, Stage 5",road bicycle racing,2017 Clásico RCN,Tocancipá
