col0,col1,col2,col3
RFC 1926: An Experimental Encapsulation of IP Datagrams on Top of ATM,An Experimental Encapsulation of IP Datagrams on Top of ATM,Internet Engineering Task Force,English
RFC 2100: The Naming of Hosts,The Naming of Hosts,Internet Engineering Task Force,English
RFC 1925: The Twelve Networking Truths,The Twelve Networking Truths,Internet Engineering Task Force,English
RFC 5841: TCP Option to Denote Packet Mood,TCP Option to Denote Packet Mood,Internet Engineering Task Force,English
RFC 1437: The Extension of MIME Content-Types to a New Medium,The Extension of MIME Content-Types to a New Medium,Internet Engineering Task Force,English
RFC 1313: Today's Programming for KRFC AM 1313 Internet Talk Radio,Today's Programming for KRFC AM 1313 Internet Talk Radio,Internet Engineering Task Force,English
RFC 3514: The Security Flag in the IPv4 Header,The Security Flag in the IPv4 Header,Internet Engineering Task Force,English
RFC 6217: Regional Broadcast Using an Atmospheric Link Layer,Regional Broadcast Using an Atmospheric Link Layer,Internet Engineering Task Force,English
