col0,col1,col2,col3
Latin Wikipedia,Wikimedia Foundation,2002-06-01,Creative Commons Attribution-ShareAlike 3.0 Unported
Portuguese Wikipedia,Wikimedia Foundation,2001-05-11,Creative Commons Attribution-ShareAlike 3.0 Unported
Italian Wikipedia,Wikimedia Foundation,2001-05-11,Creative Commons Attribution-ShareAlike 3.0 Unported
Greek Wikipedia,Wikimedia Foundation,2002-12-01,Creative Commons Attribution-ShareAlike 3.0 Unported
