col0,col1,col2,col3,col4
fable,traditional story,Ottův slovník naučný,stylistic device,fabel
paraphrase,stylistic device,Brockhaus and Efron Encyclopedic Dictionary,stylistic device,quotation
epithet,description,Armenian Soviet Encyclopedia,stylistic device,epigraph
personification,stylistic device,Ottův slovník naučný,stylistic device,anthropomorphism
