col0,col1,col2,col3
Terminal 3,2008-02-29,Beijing Capital International Airport,Tianzhu
Dubai International Terminal 3,2008-10-14,Dubai International Airport,Al Garhoud
Singapore Changi Airport Terminal 1,1981-07-01,Singapore Changi Airport,Changi
Jewel Changi Airport,2019-04-17,Singapore Changi Airport,Changi
Singapore Changi Airport Terminal 3,2008-07-25,Singapore Changi Airport,Changi
Singapore Changi Airport Terminal 4,2017-10-31,Singapore Changi Airport,Changi
Hong Kong International Airport Terminal 1,1998-07-06,Hong Kong International Airport,Islands District
