col0,col1,col2,col3,col4
HD 4628,5035,rotating variable star,0.911,-1141.745
Lambda Serpentis,5867,rotating variable star,0.824,-224.107
Beta Comae Berenices,6009,rotating variable star,1.05,-803.372
Rho Coronae Borealis,5815,rotating variable star,0.673,-772.415
